data,confirmados,mortes,UTI-Haoc,Enf-Haoc,UTI-HSI,Enf-HSI
2020-03-17,0,0,0,0,0,0
2020-03-18,0,0,0,0,0,0
2020-03-19,0,0,0,0,0,0
2020-03-20,0,0,0,0,0,0
2020-03-21,0,0,0,0,0,0
2020-03-22,0,0,0,0,0,0
2020-03-23,0,0,0,0,0,0
2020-03-24,0,0,0,0,0,0
2020-03-25,0,0,0,0,0,0
2020-03-26,0,0,0,0,0,0
2020-03-27,0,0,0,0,0,0
2020-03-28,0,0,0,0,0,0
2020-03-29,0,0,0,0,0,0
2020-03-30,1,0,0,0,0,0
2020-03-31,2,0,0,0,0,0
2020-04-1,2,0,0,0,0,0
2020-04-2,2,0,0,0,0,0
2020-04-3,2,0,0,0,0,0
2020-04-4,2,0,0,0,0,0
2020-04-5,2,0,0,0,0,0
2020-04-6,2,0,0,0,0,0
2020-04-7,11,0,0,0,0,0
2020-04-8,11,0,0,0,0,0
2020-04-9,11,0,0,0,0,0
2020-04-10,12,0,0,0,0,0
2020-04-11,13,0,0,0,0,0
2020-04-12,14,0,0,0,0,0
2020-04-13,14,0,0,0,0,0
2020-04-14,21,0,0,0,0,0
2020-04-15,22,1,0,0,0,0
2020-04-16,27,1,0,0,0,0
2020-04-17,30,1,0,0,0,0
2020-04-18,30,2,0,0,0,0
2020-04-19,30,2,0,0,0,0
2020-04-20,32,3,0,0,0,0
2020-04-21,32,4,0,0,0,0
2020-04-22,36,4,0,0,0,0
2020-04-23,45,4,0,0,0,0
2020-04-24,46,5,0,0,0,0
2020-04-25,46,5,0,0,0,0
2020-04-26,48,5,0,0,0,0
2020-04-27,51,5,0,0,0,0
2020-04-28,53,5,0,0,0,0
2020-04-29,55,5,0,0,0,0
2020-04-30,57,5,0,0,0,0
2020-05-1,58,5,0,0,0,0
2020-05-2,58,6,0,0,0,0
2020-05-3,58,6,0,0,0,0
2020-05-4,63,6,0,0,0,0
2020-05-5,67,6,0,0,0,0
2020-05-6,69,7,0,0,0,0
2020-05-7,71,8,0,0,0,0
2020-05-8,78,9,0,0,0,0
2020-05-9,83,9,0,0,0,0
2020-05-10,83,9,0,0,0,0
2020-05-11,87,11,0,0,0,0
2020-05-12,91,12,55.56,50,8.33,12.5
2020-05-13,97,12,50,58,16.67,12.5
2020-05-14,106,11,61.11,38,8.33,12.5
2020-05-15,112,12,55.56,54,16.67,37.5
2020-05-16,112,12,55.56,54,16.67,37.5
2020-05-17,117,13,55.56,54,16.67,37.5
2020-05-18,134,14,83.33,54,16.67,37.5
2020-05-19,134,14,72.2,63,17,13
2020-05-20,162,14,77.78,63,17,38
2020-05-21,191,16,66.67,50,17,50
2020-05-22,197,16,77.78,33,8,38
2020-05-23,202,18,55.55,54,17,38
2020-05-24,206,20,83,67,17,50
2020-05-25,215,21,73,88,17,50
2020-05-26,215,21,73,88,17,50
2020-05-27,244,22,44,59,17,63
2020-05-28,244,22,44,59,17,63
2020-05-29,260,24,83,33,17,63
2020-05-30,260,24,83,33,17,63
2020-05-31,270,25,50,55,17,50
2020-06-1,276,25,61,52,50,17
2020-06-2,321,26,61,52,17,50
2020-06-3,330,27,72,57,17,50
2020-06-4,349,27,56,62,17,38
2020-06-5,358,28,94,40,8,63
2020-06-6,387,29,56,54,8,63
2020-06-7,387,30,78,46,8,50
2020-06-8,401,33,50,56,17,25
2020-06-9,417,35,53,61,17,50
2020-06-10,438,37,72,50,42,38
2020-06-11,466,38,56,60,33,63
2020-06-12,482,39,50,67,33,63
2020-06-13,482,39,50,67,33,63
2020-06-14,482,39,50,67,33,63
2020-06-15,538,42,67,56,33,38
2020-06-16,562,43,63,69,50,50
2020-06-17,692,45,63,67,50,63
2020-06-18,760,46,63,73,50,63
2020-06-19,840,48,75,67,58,100
2020-06-20,854,49,83,54,58,88
2020-06-21,897,50,83,63,58,88
2020-06-22,987,50,83,63,58,88
2020-06-23,1102,54,92,52,67,75
2020-06-24,1194,56,92,50,58,88
2020-06-25,1250,57,83,60,67,75
